{
  "advancedEditorSelectedIdentifier" : "ProjectBrowser",
  "openSceneRelativePaths" : [
    "Immersive.usda",
    "Scene.usda"
  ],
  "recentIdentifiers" : {
    "AF09ED6F-1707-48FD-8720-65B998362C09" : [

    ],
    "D66134B1-3681-4A8E-AFE5-29F257229F3B" : [

    ]
  },
  "sceneCameraHistory" : {
    "AF09ED6F-1707-48FD-8720-65B998362C09" : [
      {
        "date" : 762005974.097279,
        "title" : "Untitled",
        "transform" : [
          0.9847119,
          2.6877931e-08,
          0.17419046,
          0,
          0.058327265,
          0.94227237,
          -0.3297284,
          0,
          -0.16413492,
          0.33484745,
          0.9278669,
          0,
          -1.373367,
          2.043715,
          3.0809317,
          1
        ]
      },
      {
        "date" : 762005949.514009,
        "title" : "Untitled",
        "transform" : [
          0.99919224,
          2.7814984e-08,
          0.040185083,
          0,
          0.010978836,
          0.9619555,
          -0.2729857,
          0,
          -0.038656328,
          0.2732063,
          0.9611785,
          0,
          -1.367094,
          6.8872943,
          10.823765,
          1
        ]
      },
      {
        "date" : 762005948.367198,
        "title" : "Untitled",
        "transform" : [
          0.99897945,
          2.7917492e-08,
          0.04516798,
          0,
          0.009091157,
          0.979535,
          -0.20106862,
          0,
          -0.044243682,
          0.20127396,
          0.9785353,
          0,
          -1.4611845,
          5.782565,
          11.284182,
          1
        ]
      },
      {
        "date" : 762005938.441729,
        "title" : "Untitled",
        "transform" : [
          0.99897945,
          2.7917492e-08,
          0.04516798,
          0,
          0.009091157,
          0.979535,
          -0.20106862,
          0,
          -0.044243682,
          0.20127396,
          0.9785353,
          0,
          -1.4430883,
          1.655148,
          2.491486,
          1
        ]
      },
      {
        "date" : 762005923.920303,
        "title" : "Untitled",
        "transform" : [
          0.9770692,
          6.6945427e-10,
          0.21292217,
          0,
          0.026327921,
          0.9923259,
          -0.12081494,
          0,
          -0.21128812,
          0.12365031,
          0.969571,
          0,
          0.27458656,
          2.5319366,
          0.32365704,
          1
        ]
      },
      {
        "date" : 762005912.545894,
        "title" : "Untitled",
        "transform" : [
          0.9770692,
          6.6945427e-10,
          0.21292217,
          0,
          0.026327921,
          0.9923259,
          -0.12081494,
          0,
          -0.21128812,
          0.12365031,
          0.969571,
          0,
          -1.1774299,
          1.2858951,
          1.1479197,
          1
        ]
      },
      {
        "date" : 762005904.360016,
        "title" : "Untitled",
        "transform" : [
          0.9770692,
          6.6945427e-10,
          0.21292217,
          0,
          0.026327921,
          0.9923259,
          -0.12081494,
          0,
          -0.21128812,
          0.12365031,
          0.969571,
          0,
          -0.85108423,
          0.0654054,
          -0.049332738,
          1
        ]
      },
      {
        "date" : 762005869.643142,
        "title" : "Untitled",
        "transform" : [
          0.9984869,
          -1.33886e-09,
          -0.054991085,
          0,
          -0.0150225945,
          0.96196216,
          -0.27276933,
          0,
          0.052899368,
          0.2731827,
          0.96050656,
          0,
          -0.3992648,
          0.48868063,
          -0.34980798,
          1
        ]
      },
      {
        "date" : 762005867.550338,
        "title" : "Untitled",
        "transform" : [
          0.9984869,
          -1.33886e-09,
          -0.054991085,
          0,
          -0.0150225945,
          0.96196216,
          -0.27276933,
          0,
          0.052899368,
          0.2731827,
          0.96050656,
          0,
          -0.31185794,
          0.9294744,
          1.1771774,
          1
        ]
      },
      {
        "date" : 762005847.55204,
        "title" : "Untitled",
        "transform" : [
          0.9984869,
          -1.33886e-09,
          -0.054991085,
          0,
          -0.0150225945,
          0.96196216,
          -0.27276933,
          0,
          0.052899368,
          0.2731827,
          0.96050656,
          0,
          -0.45921737,
          0.20147765,
          -1.3112987,
          1
        ]
      }
    ],
    "D66134B1-3681-4A8E-AFE5-29F257229F3B" : [
      {
        "date" : 762007914.920601,
        "title" : "Untitled",
        "transform" : [
          0.9701802,
          -5.2271587e-09,
          0.24238452,
          0,
          0.08886748,
          0.9303636,
          -0.35570532,
          0,
          -0.22550566,
          0.36663833,
          0.9026203,
          0,
          -0.26909184,
          0.43147802,
          1.1214317,
          1
        ]
      },
      {
        "date" : 762007909.273192,
        "title" : "Untitled",
        "transform" : [
          0.9701802,
          -5.2271587e-09,
          0.24238452,
          0,
          0.08886748,
          0.9303636,
          -0.35570532,
          0,
          -0.2255057,
          0.36663836,
          0.90262043,
          0,
          -0.26909184,
          0.43147802,
          1.1214317,
          1
        ]
      },
      {
        "date" : 762007904.279798,
        "title" : "Untitled",
        "transform" : [
          0.9679907,
          -2.1763822e-09,
          0.25098646,
          0,
          0.04294194,
          0.985255,
          -0.1656161,
          0,
          -0.2472856,
          0.17109266,
          0.9537176,
          0,
          -0.28480422,
          0.19369215,
          1.1412486,
          1
        ]
      },
      {
        "date" : 762007896.695611,
        "title" : "Untitled",
        "transform" : [
          0.96871316,
          -3.1386893e-09,
          0.24818327,
          0,
          0.056203514,
          0.97402054,
          -0.21937452,
          0,
          -0.24173556,
          0.22645974,
          0.9435464,
          0,
          -0.27972034,
          0.25996596,
          1.1351243,
          1
        ]
      },
      {
        "date" : 762007872.855624,
        "title" : "Untitled",
        "transform" : [
          0.9861265,
          -5.8636834e-10,
          0.16599576,
          0,
          0.06249807,
          0.92641497,
          -0.37128064,
          0,
          -0.15378094,
          0.37650406,
          0.9135623,
          0,
          -0.596532,
          1.1459031,
          2.0775924,
          1
        ]
      },
      {
        "date" : 762007855.201374,
        "title" : "Untitled",
        "transform" : [
          0.9871579,
          -5.8636834e-10,
          0.15974793,
          0,
          0.060145736,
          0.92641497,
          -0.37166893,
          0,
          -0.14799285,
          0.37650406,
          0.91451776,
          0,
          -1.6004517,
          2.4367747,
          10.17588,
          1
        ]
      },
      {
        "date" : 762007849.72093,
        "title" : "Untitled",
        "transform" : [
          0.98715776,
          -5.863683e-10,
          0.15974791,
          0,
          0.060145736,
          0.92641497,
          -0.37166893,
          0,
          -0.14799285,
          0.37650406,
          0.91451776,
          0,
          -2.0395405,
          3.5538454,
          12.889208,
          1
        ]
      },
      {
        "date" : 762007773.108369,
        "title" : "Untitled",
        "transform" : [
          1,
          0,
          0,
          0,
          0,
          0.7623354,
          -0.6471821,
          0,
          0,
          0.6471821,
          0.7623354,
          0,
          0.045675784,
          7.4542656,
          11.285082,
          1
        ]
      },
      {
        "date" : 762005268.836811,
        "title" : "Untitled",
        "transform" : [
          1,
          0,
          0,
          0,
          0,
          0.7623354,
          -0.6471821,
          0,
          0,
          0.6471821,
          0.7623354,
          0,
          -0.007259816,
          4.943811,
          7.7755895,
          1
        ]
      },
      {
        "date" : 762005265.060328,
        "title" : "Untitled",
        "transform" : [
          1,
          0,
          0,
          0,
          0,
          0.7071069,
          -0.70710677,
          0,
          0,
          0.70710677,
          0.7071069,
          0,
          0.29715547,
          15.157222,
          17.728872,
          1
        ]
      }
    ]
  },
  "sceneViewportBackgroundColors" : {

  },
  "selectedSceneRelativePath" : "Scene.usda"
}